0.0000	141.7970	38.8772	0.0000	20.2084	0.0000	52.7501	93.4033	35.2238	57.0644	11.7114	53.4721	0.0000	0.0000	11.1155	12.8487	0.0000	14.6408	0.0000	12.9760	42.0339	0.0000	13.1715	0.0000	0.0000	12.1410	0.0000	13.4982	11.9866	0.0000	11.6496	0.0000	0.0000	0.0000	0.0000	11.9566	0.0000	0.0000	12.8913	0.0000	0.0000	0.0000	0.0000	0.0000	0.0000	0.0000	0.0000	0.0000	0.0000	0.0000	0.0000	0.0000	0.0000	0.0000	0.0000	0.0000	0.0000	0.0000	0.0000	0.0000	0.0000	11.5235	25.9199	23.7730	0.0000	0.0000	0.0000	0.0000	0.0000	12.4594	0.0000	0.0000	0.0000	17.2473	0.0000	17.2252	17.5991	0.0000	25.6582	25.9518	16.1025	0.0000	0.0000	0.0000	0.0000	0.0000	0.0000	0.0000	0.0000
141.7970	0.0000	144.7803	40.8568	26.3445	35.5692	32.9314	44.6409	28.7588	25.9697	23.7331	35.3353	8.1591	14.0551	15.4533	15.9557	16.1717	14.2687	20.2336	21.7044	15.5945	12.8033	15.6982	11.8103	13.3356	17.8125	18.5343	14.1549	16.7731	16.1383	16.2260	11.2692	4.4022	7.4184	4.6449	5.7916	3.3496	5.2149	9.8214	6.1577	8.3363	1.7564	4.1402	3.5079	3.7713	3.5728	6.0722	2.6518	1.1042	2.8784	4.8374	1.1020	1.9944	1.6194	1.1927	2.9381	2.2447	4.4689	1.5461	12.4060	7.9192	5.5972	6.3042	5.7835	4.7384	5.9795	5.0704	6.6052	4.1671	9.4721	4.2640	3.5775	6.0959	4.7811	5.5028	9.5126	6.0417	6.8860	6.1969	5.3660	9.9885	4.4530	12.9833	1.4691	3.2179	3.7018	9.1635	2.4944	0.0000
38.8772	144.7803	0.0000	145.3894	83.6456	74.5486	39.7206	16.5964	10.6637	9.7105	12.6342	11.3914	24.1090	12.2806	11.3779	13.1601	25.0854	22.4397	9.0762	5.8953	19.0931	11.0863	7.4659	5.8823	7.8980	2.7565	9.0762	6.8956	3.4012	2.3094	10.5936	25.7930	11.5685	13.7012	8.5302	7.4810	9.1661	8.5714	5.8600	7.9319	6.8408	4.3066	5.9283	5.0258	5.5489	10.7424	4.9986	2.1787	4.4830	5.5226	6.9750	2.7300	4.9162	3.3347	2.9436	8.4558	9.2693	5.5228	10.2110	9.3091	5.2039	2.6219	6.6252	4.7282	0.6411	3.4694	3.4486	1.5401	2.7165	3.5432	10.5003	4.9007	6.0247	9.7801	1.1334	4.8841	8.9777	9.4738	10.9305	5.1619	1.8268	12.2216	3.9889	8.4596	6.6182	3.0350	10.0325	2.0458	3.0814
0.0000	40.8568	145.3894	0.0000	276.9326	73.2271	35.3734	7.9713	3.7484	7.8057	11.7466	10.9488	14.6639	12.2815	9.1081	13.4146	13.7527	8.6603	9.9213	6.5003	9.5626	6.7983	4.8053	7.0960	5.2022	7.1939	7.8794	7.3828	4.9194	4.3298	9.0206	13.2792	9.2466	10.3439	8.3537	6.5205	9.5257	6.2787	9.9578	4.6147	8.2036	5.7484	4.7467	6.3209	5.9248	9.3723	7.9863	5.8045	7.2019	8.8243	9.5517	2.1781	9.1675	3.1949	3.1358	5.7923	5.9168	5.8799	7.1312	6.6835	4.1584	2.6212	5.3054	2.7043	3.0896	3.8994	3.8687	3.7021	2.7228	3.3950	1.3993	7.8334	13.6341	10.9629	10.8691	5.4667	4.7791	9.8290	5.2399	2.9428	1.4597	13.6722	4.2604	9.6575	6.3475	8.5090	4.0189	3.2742	0.0000
20.2084	26.3445	83.6456	276.9326	0.0000	228.5099	24.0974	6.8819	6.1929	4.1763	9.6233	9.4402	17.2031	17.5119	5.8977	16.7359	30.0608	14.6206	6.8306	4.5760	9.8839	4.0499	4.6188	6.8279	2.9601	2.1357	9.3977	5.5409	4.9173	5.5645	2.0572	12.4066	9.0080	10.2698	9.8120	5.6516	12.3667	7.4184	6.0814	8.9778	4.9709	6.6920	5.2669	4.4668	5.1122	17.2173	15.5778	5.2784	5.5556	10.6543	6.2115	6.6267	3.4032	6.2417	8.1509	5.0160	9.6415	3.8266	9.2863	6.7759	2.0268	4.0808	1.5253	2.0997	1.3248	0.0000	4.2857	0.7975	2.8116	5.1544	9.0807	5.0881	11.4717	8.1078	15.3014	5.0674	7.2585	9.8498	5.3000	5.3681	2.8461	10.1489	0.0000	17.5628	15.1106	7.8555	7.7849	0.0000	22.3268
0.0000	35.5692	74.5486	73.2271	228.5099	0.0000	75.5314	16.1742	7.3605	11.6205	20.5818	13.4518	29.4250	13.6003	6.2986	22.7117	36.5269	15.6294	8.2135	5.7066	12.3220	7.2139	7.4165	4.8713	4.7529	6.8514	14.2258	5.9275	3.0059	6.8048	7.3258	14.2739	13.6165	11.8047	5.2445	10.5533	10.1542	7.1222	4.8685	3.9933	7.5797	5.5594	7.4983	3.9748	2.7300	9.7337	4.4291	8.0440	7.9224	6.9956	4.4112	5.0417	5.4460	9.6118	7.6038	5.3503	7.1871	11.2176	11.3027	13.4125	2.1632	2.9046	5.7036	3.7384	5.6685	4.6009	2.2900	0.8524	0.0000	3.9273	8.7204	2.1715	10.0013	6.4932	7.5182	3.2429	8.8266	7.3427	7.2615	6.5398	7.0782	14.8669	2.9356	9.3625	1.4644	6.6962	2.7616	0.0000	10.2293
52.7501	32.9314	39.7206	35.3734	24.0974	75.5314	0.0000	79.4425	39.1489	33.7624	40.8458	41.3701	33.4519	23.4792	13.3194	18.3156	17.1349	20.9643	20.2569	15.5719	19.5116	9.7723	12.7811	13.0808	8.3585	7.0567	17.5168	12.5586	8.3661	11.5784	10.8160	8.7861	6.3803	6.2026	7.1098	8.7642	6.2311	2.9074	7.4641	6.8588	6.0374	5.8600	6.3405	8.7885	3.7733	3.3225	4.0743	2.4643	2.4522	2.6773	3.3829	3.0833	3.8941	2.2588	2.0004	6.5731	1.8849	4.3723	3.4671	4.4188	3.9719	7.1220	8.0180	5.5147	7.0050	3.3172	3.2879	7.3441	5.0901	7.6865	8.3279	7.3288	2.0453	3.9976	2.3100	3.9856	4.7371	4.4964	4.4488	8.9957	4.9639	7.4770	6.3556	4.9321	5.4058	3.1076	3.4347	1.3941	0.0000
93.4033	44.6409	16.5964	7.9713	6.8819	16.1742	79.4425	0.0000	126.4979	85.5356	45.9150	43.5608	13.5815	13.4083	15.9918	9.1986	7.2030	10.5553	27.9558	20.4956	10.5742	7.4846	11.3570	15.1955	10.0499	15.4503	10.9652	15.3285	18.1569	15.8900	12.7859	4.4523	3.4777	4.5784	5.1602	3.6761	0.5521	2.5746	3.0857	0.8680	2.0567	3.0303	3.5767	4.7599	4.4591	1.1780	2.4060	2.6189	2.1774	0.9483	2.3970	1.0917	2.9565	1.1994	2.3630	0.0000	1.6683	0.0000	0.7677	2.7944	2.7355	7.0978	5.3314	5.2958	10.4931	5.4688	4.1648	6.9781	6.5668	5.1038	2.1085	4.7223	1.8116	1.7724	0.6821	4.1206	1.7976	2.8433	4.8146	6.6352	9.3437	2.9445	14.5031	0.7285	0.0000	2.7574	0.0000	0.0000	1.8668
35.2238	28.7588	10.6637	3.7484	6.1929	7.3605	39.1489	126.4979	0.0000	132.9638	55.1883	38.9415	10.6913	16.3230	15.7695	10.9918	10.5024	14.2413	24.7406	23.4618	8.7491	10.3753	12.4896	10.4607	20.9373	14.8369	4.6206	17.4542	15.9367	20.8950	12.1294	3.9324	5.6889	3.6889	5.7950	3.2879	0.5555	3.8861	1.3322	2.1880	2.4867	3.9375	3.6089	5.2386	3.3799	2.9655	0.6036	0.8785	1.6569	2.8608	2.4028	2.1863	0.0000	2.4102	1.1860	1.4619	1.1135	0.5549	1.5361	3.3590	6.6897	7.9534	3.1418	6.9969	6.7100	8.5400	8.0045	6.1166	4.1573	2.5655	2.1211	3.5591	3.0287	1.1915	1.3670	0.5917	2.3983	2.2779	5.2745	6.2132	3.3093	3.6904	4.8579	3.6542	0.0000	0.9230	0.0000	0.0000	1.8841
57.0644	25.9697	9.7105	7.8057	4.1763	11.6205	33.7624	85.5356	132.9638	0.0000	82.0590	61.4287	13.6137	13.6092	15.9076	17.6368	4.9023	14.2211	17.1824	29.6317	12.9999	4.3699	15.1911	17.1489	17.3449	13.4074	10.6761	15.4888	22.4484	16.1687	16.2318	1.3653	0.0000	2.8031	4.2243	4.4983	2.0247	2.1003	1.6197	5.3216	2.5200	1.5964	3.7604	4.2464	2.2845	0.7204	2.1990	1.6023	2.6853	0.5795	1.4592	0.6641	1.8073	5.8620	0.7201	1.7747	2.0290	1.3481	2.7956	2.7195	6.6992	5.8044	6.5476	8.5086	4.3214	8.3085	6.6602	6.2926	7.0800	4.6787	3.2214	3.6018	0.7358	0.0000	4.9805	4.3119	2.9133	2.0755	3.2062	5.3937	8.7091	2.6881	9.8209	1.7740	1.9432	0.0000	1.8468	0.0000	0.0000
11.7114	23.7331	12.6342	11.7466	9.6233	20.5818	40.8458	45.9150	55.1883	82.0590	0.0000	137.6316	50.2030	26.5030	27.2147	21.9384	13.6873	16.7203	25.1504	20.6703	18.3998	11.5249	14.2623	11.3088	11.0725	14.7694	18.4153	21.1235	16.6930	17.4830	10.0681	9.5187	6.1108	4.5993	2.3095	4.1003	2.7708	4.7378	2.6571	0.8726	4.9596	3.0518	4.6252	4.7871	4.1164	2.3660	1.8071	2.1908	7.6968	2.8539	1.7990	1.0917	1.4833	3.2064	1.7753	2.1885	2.2240	3.8769	1.5338	3.3544	6.6716	4.3615	5.8146	5.3320	4.3209	3.8257	7.1344	6.5623	7.0387	6.3996	4.7604	4.7344	4.8374	1.7815	3.4121	1.1807	3.5930	4.5497	4.3864	11.0746	7.1558	2.9472	8.0773	1.4588	3.1974	1.8421	3.0469	1.2398	3.7555
53.4721	35.3353	11.3914	10.9488	9.4402	13.4518	41.3701	43.5608	38.9415	61.4287	137.6316	0.0000	76.0724	37.0805	38.8483	25.5837	19.2225	18.4280	34.8813	27.0670	17.0730	15.8107	13.5427	13.8364	12.5313	13.4077	14.6602	21.3019	12.3040	9.6433	13.2858	10.1960	2.9879	5.2449	5.2522	3.7437	3.1598	3.4412	5.5547	3.4813	3.2992	5.4583	7.0234	4.4617	4.2601	2.0223	2.7524	3.0002	1.2474	2.7148	2.0566	3.7473	1.1285	1.3742	1.3515	0.8326	0.6362	0.6329	2.6323	8.3104	6.2687	8.1344	9.1624	5.6021	3.1193	8.1976	7.6375	4.2644	5.6466	6.3332	1.8100	3.3770	4.8363	1.3526	3.1207	3.3678	3.4269	3.9037	4.0095	6.0771	6.2883	7.5762	6.4444	4.1644	1.8253	0.0000	3.4774	0.0000	0.0000
0.0000	8.1591	24.1090	14.6639	17.2031	29.4250	33.4519	13.5815	10.6913	13.6137	50.2030	76.0724	0.0000	123.1313	34.9582	45.6177	54.1414	38.5324	20.0660	14.5713	24.7672	10.9092	9.7248	6.1910	4.4062	5.2565	14.9327	8.7698	6.7553	6.4698	11.0609	13.2721	14.1909	9.7725	5.7580	7.1809	8.9995	7.0046	6.6422	8.1794	9.8179	9.7981	9.6241	4.8920	6.5440	17.7212	7.5319	6.5759	4.7902	3.5694	5.2511	5.4678	4.9459	7.5300	5.9169	4.5555	2.7846	4.1572	6.7150	4.8963	5.8909	3.4693	6.1403	4.6085	3.9145	3.1756	3.6659	4.0935	4.6480	4.2708	3.9652	9.6133	7.5616	5.9280	10.2411	7.3739	8.2460	4.9832	7.6857	2.7729	5.5067	11.0505	10.0680	9.1120	8.9822	9.1879	7.5866	1.5471	2.3387
0.0000	14.0551	12.2806	12.2815	17.5119	13.6003	23.4792	13.4083	16.3230	13.6092	26.5030	37.0805	123.1313	0.0000	80.9877	76.5634	33.2489	30.7615	33.4305	13.8939	13.3245	10.0114	10.9992	11.8558	8.0607	6.2655	13.1939	5.8968	7.1427	7.0091	9.2337	10.2852	8.0439	6.3528	6.6203	6.6151	6.3820	7.9414	6.6259	6.5238	6.1842	7.0035	5.3138	9.5025	7.3016	4.7640	4.8683	9.0870	5.0239	1.6453	2.7718	2.5264	3.4189	2.7765	6.8288	0.8414	2.5738	4.4780	3.5503	6.4645	6.3289	5.9276	6.6729	2.3538	4.9340	5.8253	4.8116	4.2989	2.3703	4.9207	7.9205	6.8235	3.4911	6.1420	7.0972	3.4014	5.5445	3.2891	6.0758	6.6541	5.7192	7.6571	6.5085	2.5253	2.7676	2.1214	1.7579	1.4276	2.1545
11.1155	15.4533	11.3779	9.1081	5.8977	6.2986	13.3194	15.9918	15.7695	15.9076	27.2147	38.8483	34.9582	80.9877	0.0000	155.5275	35.0637	30.6235	31.8408	18.6596	12.3536	4.8737	9.9441	8.5063	10.8103	9.9363	13.0472	12.8211	8.2476	8.0067	11.4079	6.8878	5.7933	5.2305	6.5510	5.8322	4.2055	2.4506	3.7767	6.6103	4.3072	5.7687	5.3504	3.2952	8.1340	5.0478	3.4360	4.9858	2.0728	1.3543	1.7114	1.5588	0.9381	2.2833	1.6873	2.0800	3.7060	2.6329	5.8478	8.5147	5.2079	6.7562	7.6129	6.2044	2.5891	6.4069	4.3609	4.4281	5.8597	6.0732	5.0180	3.9345	3.4494	3.3750	3.8962	5.0444	3.4222	2.7069	4.5825	3.3689	6.8021	4.9063	4.6034	1.3873	3.8024	1.7504	1.4527	0.0000	0.0000
12.8487	15.9557	13.1601	13.4146	16.7359	22.7117	18.3156	9.1986	10.9918	17.6368	21.9384	25.5837	45.6177	76.5634	155.5275	0.0000	77.1244	59.3233	27.2845	16.0569	21.5516	15.0527	10.3563	11.6506	11.8431	9.5519	13.4895	13.6566	6.7342	6.6104	8.7347	12.8017	8.1196	8.0469	9.4091	6.7358	5.4611	5.1883	5.8077	6.6662	8.1297	9.0016	6.1590	9.4873	5.6935	4.5280	6.6261	2.8784	7.1171	4.1729	1.9818	1.8077	3.2505	3.9619	3.2527	3.2063	4.9127	3.6573	5.0877	7.4028	6.4404	6.9207	8.2684	4.4597	5.0773	5.4993	7.2861	2.0347	4.0333	7.0204	6.3718	5.8457	5.3231	7.1246	7.5204	5.8266	5.9542	7.5325	6.2636	4.3889	6.6587	12.1690	8.8519	4.8147	4.3996	3.0309	5.0433	0.0000	2.0449
0.0000	16.1717	25.0854	13.7527	30.0608	36.5269	17.1349	7.2030	10.5024	4.9023	13.6873	19.2225	54.1414	33.2489	35.0637	77.1244	0.0000	190.4185	28.8393	6.2307	19.1858	12.6162	1.8112	7.1354	5.2360	6.6728	13.6836	7.4190	4.9456	5.5928	6.3984	29.9227	13.0327	17.3778	15.9719	9.8056	15.3930	10.3006	8.8064	9.5465	7.4046	5.1936	15.2908	10.3715	8.1835	18.7441	9.5739	2.6181	7.5852	8.5206	8.3470	7.6171	8.8530	5.6057	16.4424	4.3354	9.9731	7.7134	13.7045	17.7960	3.9102	2.3673	3.5471	7.3269	0.0000	4.1955	2.4965	5.5724	2.4619	6.8040	8.4001	11.7425	15.6233	5.8767	12.2035	12.8737	4.7701	11.3274	8.7433	3.5337	3.2816	8.7672	3.1817	13.0045	17.3909	10.8924	8.9477	0.0000	3.6982
14.6408	14.2687	22.4397	8.6603	14.6206	15.6294	20.9643	10.5553	14.2413	14.2211	16.7203	18.4280	38.5324	30.7615	30.6235	59.3233	190.4185	0.0000	104.6485	24.0808	38.0326	15.3591	11.4305	14.6213	9.9045	9.9793	21.2350	11.6836	10.9035	8.2278	16.0759	13.2641	10.9091	9.7665	8.6323	6.6636	6.9193	5.9233	9.9572	6.5394	8.7787	8.1588	8.3362	7.6047	7.9398	6.6425	9.0354	6.5721	5.4710	4.7567	4.4996	2.7329	1.2358	4.5152	4.4365	4.5548	4.8720	1.3852	7.6739	6.9928	4.4151	4.4570	3.9048	5.6285	3.9113	4.7595	4.1864	4.0903	3.0960	5.8686	9.2479	11.8278	6.8030	4.4440	3.4132	2.9484	4.4971	5.6934	7.1332	4.9892	6.8812	9.2062	7.0470	10.9313	2.9938	3.4450	1.8973	1.5469	0.0000
0.0000	20.2336	9.0762	9.9213	6.8306	8.2135	20.2569	27.9558	24.7406	17.1824	25.1504	34.8813	20.0660	33.4305	31.8408	27.2845	28.8393	104.6485	0.0000	133.9953	68.3241	16.7278	19.2833	20.0919	24.0257	31.2814	25.6428	22.6168	13.9148	14.5823	25.4428	4.8513	7.0425	5.1349	7.8542	7.1283	3.4350	6.4182	4.3948	3.2473	3.5903	7.0216	3.1833	7.5517	11.1322	0.7327	4.4853	1.0879	0.6786	2.3621	6.7009	0.6785	2.4545	1.9936	1.4680	0.9041	0.0000	4.1265	1.9042	6.9435	12.6697	12.7896	8.3083	4.0650	7.2796	7.8741	8.3140	6.9623	5.6363	6.8893	3.2791	3.6695	5.2532	3.6759	0.0000	5.8539	5.9526	4.2400	8.7184	11.5622	6.8315	6.3965	4.9929	1.8084	0.9903	3.4172	3.7609	0.0000	0.0000
12.9760	21.7044	5.8953	6.5003	4.5760	5.7066	15.5719	20.4956	23.4618	29.6317	20.6703	27.0670	14.5713	13.8939	18.6596	16.0569	6.2307	24.0808	133.9953	0.0000	118.8515	33.3821	40.5867	34.9310	30.2731	28.8880	32.0671	27.9845	22.1097	22.9454	21.3744	4.9547	3.8676	4.5837	3.8300	5.9052	3.0683	2.8630	2.9421	7.2452	3.2036	4.8222	3.9805	7.7055	4.9675	1.3095	1.3353	1.4561	1.8209	0.5270	4.6542	4.2390	2.7386	1.3330	0.6558	1.6164	1.2337	2.4560	0.0000	4.9603	9.9981	8.3394	6.9257	7.7127	9.5410	6.5703	7.4242	8.8098	10.5241	5.2008	2.9289	1.9668	0.6703	2.6282	4.5398	2.6155	1.3288	2.5234	4.8623	8.8421	7.9314	1.6333	4.4702	0.8082	0.8857	2.0393	1.6872	0.0000	2.0762
42.0339	15.5945	19.0931	9.5626	9.8839	12.3220	19.5116	10.5742	8.7491	12.9999	18.3998	17.0730	24.7672	13.3245	12.3536	21.5516	19.1858	38.0326	68.3241	118.8515	0.0000	87.6134	56.2551	48.3610	38.3698	33.1323	63.6613	22.3361	11.9078	15.7276	13.9268	22.0389	4.6963	6.0461	6.8812	10.7884	5.2974	8.2423	3.7042	8.3391	7.4094	4.1609	6.1332	5.1957	10.7173	7.0635	5.7660	4.1916	4.5764	5.6892	5.7427	2.6162	4.1386	3.8397	2.1234	2.6164	1.9990	5.3038	4.5933	11.3835	7.0390	5.2104	8.5364	9.7876	6.0744	6.0672	7.5058	3.3527	7.3993	9.1895	8.8498	2.8301	4.3419	8.5036	6.5349	1.4111	2.8701	5.4507	2.1000	4.7748	9.8794	6.1705	11.5671	6.1059	2.8671	1.0996	0.0000	5.9228	0.0000
0.0000	12.8033	11.0863	6.7983	4.0499	7.2139	9.7723	7.4846	10.3753	4.3699	11.5249	15.8107	10.9092	10.0114	4.8737	15.0527	12.6162	15.3591	16.7278	33.3821	87.6134	0.0000	131.5470	79.0311	49.6767	45.3348	59.4271	12.3788	7.7415	10.6133	16.5347	10.4126	8.5485	4.9538	3.9547	3.6139	6.5153	6.3272	4.7697	5.1246	8.0922	10.2331	10.5626	5.1109	5.4892	6.3742	2.9539	2.5747	3.2234	2.7962	4.7061	2.6777	3.8750	2.3561	2.3214	2.8620	2.7280	4.3450	3.7656	6.0342	7.3009	4.6561	5.6885	4.8145	5.7540	3.7370	4.5141	5.9591	4.0463	3.3436	4.6644	5.8018	7.7092	3.4891	5.3565	7.5227	2.9388	2.2320	6.0185	5.6463	5.9380	5.0600	3.1691	3.5779	2.3533	5.4210	1.4977	0.0000	1.8391
13.1715	15.6982	7.4659	4.8053	4.6188	7.4165	12.7811	11.3570	12.4896	15.1911	14.2623	13.5427	9.7248	10.9992	9.9441	10.3563	1.8112	11.4305	19.2833	40.5867	56.2551	131.5470	0.0000	103.9572	74.2875	62.0105	44.6613	22.8252	16.9953	17.6336	16.8241	10.0902	2.4562	3.6233	5.2048	5.5367	3.1150	3.3931	8.4752	6.3896	5.5850	4.9173	6.3681	7.8451	5.4895	1.9952	2.0286	3.9447	3.7255	1.6045	2.0186	0.6123	2.7803	3.1558	1.9929	0.8185	1.8706	0.0000	0.8590	8.7764	7.0699	8.0418	3.0252	5.0877	9.3290	4.8035	10.4181	3.7014	7.9492	9.1168	4.7578	5.3177	2.0361	2.0051	2.2961	2.6524	4.0280	3.1891	3.4512	7.4630	7.4159	6.6105	7.2483	0.8182	0.0000	1.0328	0.0000	0.0000	0.0000
0.0000	11.8103	5.8823	7.0960	6.8279	4.8713	13.0808	15.1955	10.4607	17.1489	11.3088	13.8364	6.1910	11.8558	8.5063	11.6506	7.1354	14.6213	20.0919	34.9310	48.3610	79.0311	103.9572	0.0000	127.7650	75.0582	56.2058	27.6602	14.3895	17.3380	17.8880	9.3108	4.3517	8.1530	7.6840	5.4500	3.6807	2.8626	4.4161	3.3857	4.5805	5.8056	7.9760	5.7903	4.9842	3.2746	1.9979	3.8825	3.6648	0.5265	1.3255	0.6031	2.1898	0.8874	1.3086	1.6129	3.0715	3.6743	2.5395	4.3238	9.1311	7.4737	3.9690	3.6405	6.5522	2.3624	6.0561	5.2020	5.9786	7.0854	4.0988	3.2732	4.6799	5.2630	3.0161	1.3064	3.3071	1.8852	5.8249	5.8795	2.4346	4.0711	6.2500	1.6122	0.8831	3.0542	1.6791	0.0000	0.0000
0.0000	13.3356	7.8980	5.2022	2.9601	4.7529	8.3585	10.0499	20.9373	17.3449	11.0725	12.5313	4.4062	8.0607	10.8103	11.8431	5.2360	9.9045	24.0257	30.2731	38.3698	49.6767	74.2875	127.7650	0.0000	117.5973	46.9805	29.6464	19.0959	14.9263	19.2449	2.4279	5.6673	5.9735	8.7706	6.2091	2.9966	2.3295	4.7938	6.6168	4.0272	4.7307	7.2400	6.1309	6.9031	5.1206	3.2509	2.3697	4.7856	2.0567	4.5276	1.7650	1.0692	1.7323	1.2777	3.1504	0.5992	2.9885	3.3037	4.8214	8.0691	5.5845	4.3663	7.1192	7.2720	8.3285	8.6573	7.6328	9.4499	7.3785	3.4317	3.8364	1.3051	1.2864	3.6791	3.1900	3.2254	1.2260	2.3689	6.6934	4.7533	3.9744	4.3634	1.5743	1.7245	3.9786	1.6401	1.3403	4.0702
12.1410	17.8125	2.7565	7.1939	2.1357	6.8514	7.0567	15.4503	14.8369	13.4074	14.7694	13.4077	5.2565	6.2655	9.9363	9.5519	6.6728	9.9793	31.2814	28.8880	33.1323	45.3348	62.0105	75.0582	117.5973	0.0000	94.0173	29.6938	28.9947	24.9884	22.1341	5.2227	5.8816	6.1968	5.3858	4.2502	4.0198	5.8040	3.2133	6.7848	3.4277	5.4241	4.7939	5.8643	6.5962	1.2258	1.2482	4.9953	3.4195	2.4650	2.4849	1.6965	2.0497	2.9088	0.6130	0.0000	2.3039	0.5739	3.9714	2.3164	5.6958	9.4545	5.5636	5.9528	6.5178	7.0505	6.9621	12.6349	11.1622	9.7277	2.7404	2.4528	3.7581	0.0000	2.1203	6.1155	1.2404	4.1237	6.3642	9.1814	6.8439	4.5786	3.3453	5.2883	0.0000	0.0000	4.7263	0.0000	0.0000
0.0000	18.5343	9.0762	7.8794	9.3977	14.2258	17.5168	10.9652	4.6206	10.6761	18.4153	14.6602	14.9327	13.1939	13.0472	13.4895	13.6836	21.2350	25.6428	32.0671	63.6613	59.4271	44.6613	56.2058	46.9805	94.0173	0.0000	66.8906	34.4372	30.9786	41.9992	31.7493	11.9042	12.0157	11.1227	11.1865	8.8134	6.8547	8.0485	7.4318	3.7561	7.9103	8.7468	5.9268	9.3387	8.0584	3.4263	3.4861	5.5951	3.2449	3.4125	1.8653	5.0579	3.6493	4.0376	4.9750	3.1666	6.3023	5.2404	8.9104	11.5978	12.1561	9.6368	8.8383	4.8866	9.1325	5.2326	4.7813	7.5036	7.2781	5.4087	7.3997	4.1273	5.3904	3.8828	4.0245	2.7284	11.0095	8.9829	8.5726	5.0094	8.3802	7.3339	4.1466	1.8174	2.0912	5.1904	4.2238	0.0000
13.4982	14.1549	6.8956	7.3828	5.5409	5.9275	12.5586	15.3285	17.4542	15.4888	21.1235	21.3019	8.7698	5.8968	12.8211	13.6566	7.4190	11.6836	22.6168	27.9845	22.3361	12.3788	22.8252	27.6602	29.6464	29.6938	66.8906	0.0000	105.9205	83.9373	60.3971	16.1347	7.5480	10.6043	12.6440	10.3990	2.5542	7.9460	6.1266	11.0672	5.7185	7.5421	5.9247	7.0248	15.1081	0.6815	2.7760	4.0414	3.1698	4.3859	1.3818	1.2578	3.4196	0.9243	0.0000	0.0000	1.2813	3.1908	3.5331	3.8640	14.0269	10.5160	7.2200	12.7707	11.3295	9.8057	11.1326	10.2693	11.9388	7.8694	3.0479	2.7272	2.7870	1.3688	1.5725	4.7615	1.3800	3.2765	6.5734	11.2322	10.1486	3.3949	5.5803	4.2008	0.9204	1.0607	0.0000	0.0000	0.0000
11.9866	16.7731	3.4012	4.9194	4.9173	3.0059	8.3661	18.1569	15.9367	22.4484	16.6930	12.3040	6.7553	7.1427	8.2476	6.7342	4.9456	10.9035	13.9148	22.1097	11.9078	7.7415	16.9953	14.3895	19.0959	28.9947	34.4372	105.9205	0.0000	122.1362	66.8733	12.6153	12.9587	9.8879	8.8716	9.6539	2.2686	4.8503	9.9756	5.8091	5.5019	7.1476	7.8950	8.4686	11.1206	1.8162	3.0807	2.6912	3.9456	3.4075	3.0663	2.2325	1.0121	1.6409	1.2106	1.4922	0.5685	3.3990	1.5676	6.2874	9.2417	15.4320	6.4147	9.2446	10.4759	9.5891	12.0426	12.4879	10.1867	7.8594	4.8719	4.8436	3.7107	0.0000	2.7911	3.0199	7.3464	3.4889	6.7328	9.0632	5.6306	4.5205	8.2610	2.2376	0.8172	4.7097	3.1114	1.2685	0.0000
0.0000	16.1383	2.3094	4.3298	5.5645	6.8048	11.5784	15.8900	20.8950	16.1687	17.4830	9.6433	6.4698	7.0091	8.0067	6.6104	5.5928	8.2278	14.5823	22.9454	15.7276	10.6133	17.6336	17.3380	14.9263	24.9884	30.9786	83.9373	122.1362	0.0000	105.6608	24.0127	10.6267	11.7302	3.3464	13.3104	8.3447	6.9917	9.2417	5.0602	4.7930	4.0470	7.7464	13.1216	10.4240	4.1104	2.0919	7.6196	3.8271	1.6535	0.6942	3.7916	2.2920	3.7176	2.7401	0.0000	1.9310	0.6413	2.6606	8.4105	9.5567	12.8785	11.9310	8.0891	10.4918	13.3221	10.2264	8.6999	12.4959	6.4287	4.2891	4.7964	4.9007	0.6881	3.9491	4.7853	0.6931	5.2668	7.6250	9.7499	8.9222	4.2631	11.2096	2.5317	0.9244	0.0000	1.7576	2.8700	2.1741
11.6496	16.2260	10.5936	9.0206	2.0572	7.3258	10.8160	12.7859	12.1294	16.2318	10.0681	13.2858	11.0609	9.2337	11.4079	8.7347	6.3984	16.0759	25.4428	21.3744	13.9268	16.5347	16.8241	17.8880	19.2449	22.1341	41.9992	60.3971	66.8733	105.6608	0.0000	49.4751	20.3885	17.3670	16.0423	11.0039	9.9190	6.8499	10.1199	10.3991	5.3376	5.6216	10.7148	11.6659	11.5054	4.1163	1.1996	4.3551	4.3553	2.3653	4.1813	2.1758	1.4749	1.5947	1.7676	0.7263	3.3250	3.3089	9.1795	9.4716	13.2596	9.8418	9.3202	10.5799	7.7737	8.8365	9.1550	7.4373	14.3580	8.4861	6.3117	5.3003	5.4194	2.3598	4.0792	5.2863	4.1785	6.8007	8.2918	8.8206	9.8648	5.1381	5.6280	4.3592	0.7965	3.6677	0.0000	0.0000	1.8654
0.0000	11.2692	25.7930	13.2792	12.4066	14.2739	8.7861	4.4523	3.9324	1.3653	9.5187	10.1960	13.2721	10.2852	6.8878	12.8017	29.9227	13.2641	4.8513	4.9547	22.0389	10.4126	10.0902	9.3108	2.4279	5.2227	31.7493	16.1347	12.6153	24.0127	49.4751	0.0000	166.8563	61.7535	32.6218	16.4811	40.6308	19.1037	14.7099	13.2814	20.6011	11.4385	14.9080	9.0231	6.2051	28.6067	17.5303	7.8925	4.5317	9.8875	9.9794	8.3412	7.5338	7.7923	15.5721	10.0938	11.5856	12.2894	20.2137	14.7407	5.4383	7.6815	11.1131	2.2657	3.2408	3.5057	4.0530	4.5255	4.5658	10.6506	10.2466	17.2031	9.2199	14.7558	17.9745	15.5169	10.8104	6.3171	4.2595	3.6903	3.0513	16.3265	3.3415	18.1710	9.9519	11.4359	16.7893	5.1374	2.5857
0.0000	4.4022	11.5685	9.2466	9.0080	13.6165	6.3803	3.4777	5.6889	0.0000	6.1108	2.9879	14.1909	8.0439	5.7933	8.1196	13.0327	10.9091	7.0425	3.8676	4.6963	8.5485	2.4562	4.3517	5.6673	5.8816	11.9042	7.5480	12.9587	10.6267	20.3885	166.8563	0.0000	188.8248	46.0618	32.9110	30.0399	15.8826	14.3878	13.6903	17.9043	8.9344	12.7711	7.5260	6.8631	20.4986	7.8616	8.5521	7.6658	7.2292	8.4868	10.1190	11.2639	6.9713	12.2215	10.3033	9.0965	10.8479	10.0417	9.7496	5.9562	3.8601	6.2740	3.5406	2.9470	2.2788	5.4265	3.0304	4.0081	5.0963	9.7496	12.2096	12.4969	9.6300	8.9148	8.3268	11.7564	6.1996	7.1508	2.4110	5.9855	12.0236	3.5015	6.3444	6.0849	8.9884	3.3142	4.0319	4.0539
0.0000	7.4184	13.7012	10.3439	10.2698	11.8047	6.2026	4.5784	3.6889	2.8031	4.5993	5.2449	9.7725	6.3528	5.2305	8.0469	17.3778	9.7665	5.1349	4.5837	6.0461	4.9538	3.6233	8.1530	5.9735	6.1968	12.0157	10.6043	9.8879	11.7302	17.3670	61.7535	188.8248	0.0000	121.2628	47.7673	39.8489	20.1694	17.1710	22.3725	14.1410	15.8499	10.5259	10.4026	10.2063	12.8135	14.4832	8.0050	8.0753	4.3495	10.9961	10.0253	10.1661	4.1296	5.4171	9.1771	10.8526	10.1513	8.8076	12.1849	5.8243	3.1619	8.6408	5.5937	2.6617	4.3211	5.7158	3.1920	3.7531	5.8538	4.8307	11.5003	12.4628	6.7603	7.8210	6.0686	8.2506	6.5257	5.5219	3.5537	1.8905	6.7499	3.6858	4.1736	11.8926	3.1538	10.4607	4.2450	8.5352
0.0000	4.6449	8.5302	8.3537	9.8120	5.2445	7.1098	5.1602	5.7950	4.2243	2.3095	5.2522	5.7580	6.6203	6.5510	9.4091	15.9719	8.6323	7.8542	3.8300	6.8812	3.9547	5.2048	7.6840	8.7706	5.3858	11.1227	12.6440	8.8716	3.3464	16.0423	32.6218	46.0618	121.2628	0.0000	148.0277	75.7481	25.2003	25.2436	24.2478	18.8568	16.7496	16.0856	13.6299	9.5905	16.8263	13.7408	10.6255	12.4584	11.5338	9.4115	10.9192	12.6903	4.0106	8.4324	5.1922	4.7667	4.7418	15.3160	13.5649	4.4794	3.9560	7.6320	5.2519	1.6711	4.2169	5.9665	4.6627	7.6477	7.9178	9.0401	8.4293	9.4864	6.7530	11.6812	7.5645	5.9880	10.5600	8.1425	3.7969	4.7096	14.6987	5.7316	11.4236	5.6865	3.9238	0.0000	1.7624	2.6617
11.9566	5.7916	7.4810	6.5205	5.6516	10.5533	8.7642	3.6761	3.2879	4.4983	4.1003	3.7437	7.1809	6.6151	5.8322	6.7358	9.8056	6.6636	7.1283	5.9052	10.7884	3.6139	5.5367	5.4500	6.2091	4.2502	11.1865	10.3990	9.6539	13.3104	11.0039	16.4811	32.9110	47.7673	148.0277	0.0000	99.9952	36.0076	27.5001	19.9664	12.6209	18.1165	10.9613	12.8213	11.0002	6.0236	12.9426	5.3599	12.1901	8.2534	6.7563	9.5192	6.5559	5.3247	8.4710	2.9828	3.9938	6.8022	13.3899	11.4651	10.7967	6.0460	9.0713	6.6543	7.5140	6.8505	4.2491	7.1192	5.8574	6.5329	5.9322	11.4837	4.9496	7.8470	4.8935	9.0365	7.9902	5.2492	5.8277	4.9881	7.3198	9.0506	4.9432	5.9697	4.0906	8.4607	9.3708	3.7934	1.9062
0.0000	3.3496	9.1661	9.5257	12.3667	10.1542	6.2311	0.5521	0.5555	2.0247	2.7708	3.1598	8.9995	6.3820	4.2055	5.4611	15.3930	6.9193	3.4350	3.0683	5.2974	6.5153	3.1150	3.6807	2.9966	4.0198	8.8134	2.5542	2.2686	8.3447	9.9190	40.6308	30.0399	39.8489	75.7481	99.9952	0.0000	153.6886	62.1056	50.3584	34.6784	23.2882	11.9780	17.9135	8.7189	21.1135	23.2604	13.2752	13.4556	13.1094	12.4187	7.5538	10.8936	6.6448	16.3078	12.0495	15.3891	17.5843	24.3830	11.5911	5.4044	3.8138	9.7991	7.3045	2.6719	4.0472	4.0183	5.1277	3.3927	4.7074	9.4566	8.9618	10.8437	10.5801	10.3602	8.9314	13.2551	7.8652	5.4480	2.4489	3.7953	15.2349	3.3211	11.0496	9.9035	8.8426	4.1784	1.7020	5.1309
0.0000	5.2149	8.5714	6.2787	7.4184	7.1222	2.9074	2.5746	3.8861	2.1003	4.7378	3.4412	7.0046	7.9414	2.4506	5.1883	10.3006	5.9233	6.4182	2.8630	8.2423	6.3272	3.3931	2.8626	2.3295	5.8040	6.8547	7.9460	4.8503	6.9917	6.8499	19.1037	15.8826	20.1694	25.2003	36.0076	153.6886	0.0000	140.6330	54.9940	26.0732	19.0298	13.1573	12.5384	11.5554	12.0217	12.2971	7.5058	14.5513	5.0992	5.8041	7.6440	9.0045	8.1734	5.7192	7.8313	5.9912	10.1201	14.0588	14.4487	6.3005	7.1975	14.7705	6.9902	6.6473	6.7474	5.8026	2.4929	4.8346	6.4046	8.4963	10.1563	10.3957	7.6080	8.8076	9.4910	10.3238	9.1863	4.7075	3.8099	4.1388	4.7519	5.1903	7.8365	2.5772	2.9608	0.0000	3.9837	4.0051
12.8913	9.8214	5.8600	9.9578	6.0814	4.8685	7.4641	3.0857	1.3322	1.6197	2.6571	5.5547	6.6422	6.6259	3.7767	5.8077	8.8064	9.9572	4.3948	2.9421	3.7042	4.7697	8.4752	4.4161	4.7938	3.2133	8.0485	6.1266	9.9756	9.2417	10.1199	14.7099	14.3878	17.1710	25.2436	27.5001	62.1056	140.6330	0.0000	126.3494	39.0240	32.4276	20.8284	18.5991	13.5111	9.0890	13.9389	6.2607	7.7760	6.8027	8.5980	7.2360	4.3491	5.2990	10.4272	7.2271	4.3003	11.6015	11.0173	10.4933	6.8999	6.0881	5.8724	8.5271	6.8348	5.0864	5.0446	6.6586	5.8724	9.3911	5.2312	5.2088	5.3312	8.4597	9.0321	15.5784	6.6164	6.9084	6.7638	5.3743	5.4581	5.6847	3.5479	4.8204	2.6416	9.1074	6.7122	5.4474	4.1088
0.0000	6.1577	7.9319	4.6147	8.9778	3.9933	6.8588	0.8680	2.1880	5.3216	0.8726	3.4813	8.1794	6.5238	6.6103	6.6662	9.5465	6.5394	3.2473	7.2452	8.3391	5.1246	6.3896	3.3857	6.6168	6.7848	7.4318	11.0672	5.8091	5.0602	10.3991	13.2814	13.6903	22.3725	24.2478	19.9664	50.3584	54.9940	126.3494	0.0000	115.6870	43.6722	28.2736	29.1137	16.9313	22.3767	15.0281	16.1166	13.5589	6.6959	11.7180	9.4940	9.6327	5.2137	7.6991	4.7446	9.0678	6.6109	15.8496	9.7204	5.5177	4.7089	7.2290	5.7451	6.3139	7.2906	4.0650	2.0179	5.3394	5.0830	9.1566	12.1803	7.8718	3.8457	5.1864	5.7521	7.8138	6.1807	6.6566	3.8463	2.9849	9.5941	6.9909	2.3732	6.0704	5.9819	9.9239	1.3412	8.0977
0.0000	8.3363	6.8408	8.2036	4.9709	7.5797	6.0374	2.0567	2.4867	2.5200	4.9596	3.2992	9.8179	6.1842	4.3072	8.1297	7.4046	8.7787	3.5903	3.2036	7.4094	8.0922	5.5850	4.5805	4.0272	3.4277	3.7561	5.7185	5.5019	4.7930	5.3376	20.6011	17.9043	14.1410	18.8568	12.6209	34.6784	26.0732	39.0240	115.6870	0.0000	111.7050	50.9789	28.4885	16.8101	35.1611	25.4148	16.1817	13.9624	13.1882	9.2654	9.0087	5.5822	9.0653	10.9562	9.0015	10.3261	13.6832	10.2935	8.6462	7.6462	4.4637	9.1358	7.1206	4.3856	6.0428	4.7083	3.8245	2.5294	4.8204	5.4272	9.1205	10.5799	7.2924	13.3590	3.6372	1.2360	4.1054	4.9610	4.1046	3.3982	11.3792	6.6328	8.2562	9.0514	2.8378	9.4236	3.8172	1.9193
0.0000	1.7564	4.3066	5.7484	6.6920	5.5594	5.8600	3.0303	3.9375	1.5964	3.0518	5.4583	9.7981	7.0035	5.7687	9.0016	5.1936	8.1588	7.0216	4.8222	4.1609	10.2331	4.9173	5.8056	4.7307	5.4241	7.9103	7.5421	7.1476	4.0470	5.6216	11.4385	8.9344	15.8499	16.7496	18.1165	23.2882	19.0298	32.4276	43.6722	111.7050	0.0000	155.3228	49.6213	40.2120	28.0304	23.4079	14.1635	14.1382	10.7706	9.7143	6.4893	4.7964	8.6489	6.3856	6.2963	8.4143	7.1755	10.7821	9.0613	9.7247	5.1199	19.7096	10.1386	4.2069	5.9191	10.3666	7.0478	4.4422	8.7407	7.4096	8.9359	9.1372	7.0289	5.1589	4.4547	5.8259	7.9892	6.1519	3.3482	1.7823	12.7270	9.5743	14.1700	6.0396	8.9344	4.9355	0.0000	8.0761
0.0000	4.1402	5.9283	4.7467	5.2669	7.4983	6.3405	3.5767	3.6089	3.7604	4.6252	7.0234	9.6241	5.3138	5.3504	6.1590	15.2908	8.3362	3.1833	3.9805	6.1332	10.5626	6.3681	7.9760	7.2400	4.7939	8.7468	5.9247	7.8950	7.7464	10.7148	14.9080	12.7711	10.5259	16.0856	10.9613	11.9780	13.1573	20.8284	28.2736	50.9789	155.3228	0.0000	159.1136	56.9590	42.0739	17.6491	15.0534	13.1804	7.2666	6.8794	6.9690	6.2919	5.6217	7.5344	6.4980	7.8087	9.8835	14.6774	9.9863	10.4873	6.0459	14.1768	5.7214	9.4200	11.2672	5.3167	8.3126	2.6198	7.6087	8.7436	11.2949	6.9334	6.7800	15.6539	7.5075	6.8786	10.8866	6.1480	7.3456	6.3102	6.5680	9.2235	3.7138	5.0864	5.8455	3.8684	4.7242	4.7566
0.0000	3.5079	5.0258	6.3209	4.4668	3.9748	8.7885	4.7599	5.2386	4.2464	4.7871	4.4617	4.8920	9.5025	3.2952	9.4873	10.3715	7.6047	7.5517	7.7055	5.1957	5.1109	7.8451	5.7903	6.1309	5.8643	5.9268	7.0248	8.4686	13.1216	11.6659	9.0231	7.5260	10.4026	13.6299	12.8213	17.9135	12.5384	18.5991	29.1137	28.4885	49.6213	159.1136	0.0000	143.9063	75.7747	26.0239	18.8943	14.6932	15.3930	5.1850	6.4982	6.3973	6.4937	8.3045	6.2971	7.8235	10.1730	7.4706	15.7228	7.6142	8.1070	8.6467	10.1329	9.2368	10.4509	7.6551	5.0291	9.7613	14.2727	9.1207	11.4900	8.4910	3.1926	8.1131	11.4554	7.7777	12.9207	6.6308	5.2669	7.1332	8.7536	13.0441	14.1746	3.4518	3.9684	1.6437	2.6710	4.0325
0.0000	3.7713	5.5489	5.9248	5.1122	2.7300	3.7733	4.4591	3.3799	2.2845	4.1164	4.2601	6.5440	7.3016	8.1340	5.6935	8.1835	7.9398	11.1322	4.9675	10.7173	5.4892	5.4895	4.9842	6.9031	6.5962	9.3387	15.1081	11.1206	10.4240	11.5054	6.2051	6.8631	10.2063	9.5905	11.0002	8.7189	11.5554	13.5111	16.9313	16.8101	40.2120	56.9590	143.9063	0.0000	86.4622	24.0190	16.6197	10.1178	10.5688	7.2329	8.6147	5.4914	5.5678	8.7783	1.3527	6.1957	8.7311	9.9790	12.9747	10.1622	12.4524	14.8592	14.7594	9.7504	13.6838	12.3819	7.3475	6.1013	8.6894	10.7710	10.4176	8.4115	6.5866	5.6998	8.2018	6.1184	3.1677	8.5332	8.2146	10.7175	9.5702	11.2273	2.7066	2.9673	2.5613	4.2506	3.4449	1.7353
0.0000	3.5728	10.7424	9.3723	17.2173	9.7337	3.3225	1.1780	2.9655	0.7204	2.3660	2.0223	17.7212	4.7640	5.0478	4.5280	18.7441	6.6425	0.7327	1.3095	7.0635	6.3742	1.9952	3.2746	5.1206	1.2258	8.0584	0.6815	1.8162	4.1104	4.1163	28.6067	20.4986	12.8135	16.8263	6.0236	21.1135	12.0217	9.0890	22.3767	35.1611	28.0304	42.0739	75.7747	86.4622	0.0000	154.8819	36.6720	25.5205	21.6594	17.6400	18.5075	16.6933	8.8564	11.2924	14.9727	21.3104	21.1797	22.5757	18.1067	5.7632	3.4867	3.2660	4.7950	1.7112	1.2339	2.4496	2.7350	3.0168	6.2732	6.9774	10.4162	15.1074	8.6755	15.0486	6.9210	7.0593	5.8649	5.8075	3.2621	0.8088	9.7361	2.3577	13.9077	12.8871	10.7616	4.4436	9.0664	8.2009
0.0000	6.0722	4.9986	7.9863	15.5778	4.4291	4.0743	2.4060	0.6036	2.1990	1.8071	2.7524	7.5319	4.8683	3.4360	6.6261	9.5739	9.0354	4.4853	1.3353	5.7660	2.9539	2.0286	1.9979	3.2509	1.2482	3.4263	2.7760	3.0807	2.0919	1.1996	17.5303	7.8616	14.4832	13.7408	12.9426	23.2604	12.2971	13.9389	15.0281	25.4148	23.4079	17.6491	26.0239	24.0190	154.8819	0.0000	207.9514	68.2219	30.7453	46.0512	23.9163	23.0177	13.2963	19.5606	22.9929	21.8404	15.0155	30.0742	25.3114	8.2527	7.1270	8.0035	7.3436	1.7423	2.5139	2.4996	2.7911	3.6915	7.0634	8.7226	5.3300	10.9178	14.1791	12.3222	8.8507	10.8457	16.3104	3.9616	2.6733	4.1389	3.3219	3.6139	9.8575	14.3955	17.8706	9.0882	5.5615	11.1699
0.0000	2.6518	2.1787	5.8045	5.2784	8.0440	2.4643	2.6189	0.8785	1.6023	2.1908	3.0002	6.5759	9.0870	4.9858	2.8784	2.6181	6.5721	1.0879	1.4561	4.1916	2.5747	3.9447	3.8825	2.3697	4.9953	3.4861	4.0414	2.6912	7.6196	4.3551	7.8925	8.5521	8.0050	10.6255	5.3599	13.2752	7.5058	6.2607	16.1166	16.1817	14.1635	15.0534	18.8943	16.6197	36.6720	207.9514	0.0000	123.1203	33.1893	28.8491	36.4702	15.6221	20.1285	12.9205	19.9032	9.7459	19.3702	19.3334	21.4236	5.9815	3.4456	9.6923	6.2216	3.8037	4.5755	3.6323	3.0430	4.4710	6.0490	8.0640	7.7447	10.5693	5.8020	11.1912	9.0061	5.9036	8.0945	6.7022	3.8744	4.8094	8.0504	7.0326	3.1865	5.2390	6.0175	9.9863	4.0495	2.0358
0.0000	1.1042	4.4830	7.2019	5.5556	7.9224	2.4522	2.1774	1.6569	2.6853	7.6968	1.2474	4.7902	5.0239	2.0728	7.1171	7.5852	5.4710	0.6786	1.8209	4.5764	3.2234	3.7255	3.6648	4.7856	3.4195	5.5951	3.1698	3.9456	3.8271	4.3553	4.5317	7.6658	8.0753	12.4584	12.1901	13.4556	14.5513	7.7760	13.5589	13.9624	14.1382	13.1804	14.6932	10.1178	25.5205	68.2219	123.1203	0.0000	109.1915	55.7837	30.9338	18.6926	16.2581	18.3446	14.7378	15.7501	18.6794	20.6538	16.5844	9.5484	4.2876	7.8509	3.3245	0.5306	0.5738	3.4016	2.5320	2.7973	6.3413	11.4164	5.5853	5.7071	7.2067	9.1946	13.5271	13.7232	6.1364	4.1465	2.3928	5.9378	2.9771	9.7690	3.9284	5.3770	4.9509	8.1536	1.6692	5.0554
0.0000	2.8784	5.5226	8.8243	10.6543	6.9956	2.6773	0.9483	2.8608	0.5795	2.8539	2.7148	3.5694	1.6453	1.3543	4.1729	8.5206	4.7567	2.3621	0.5270	5.6892	2.7962	1.6045	0.5265	2.0567	2.4650	3.2449	4.3859	3.4075	1.6535	2.3653	9.8875	7.2292	4.3495	11.5338	8.2534	13.1094	5.0992	6.8027	6.6959	13.1882	10.7706	7.2666	15.3930	10.5688	21.6594	30.7453	33.1893	109.1915	0.0000	307.1404	65.6574	35.1234	27.5957	17.5479	20.7532	29.1406	20.3934	18.2700	9.9795	6.9652	3.2761	4.2103	4.3444	5.5046	4.9659	3.4512	1.6520	2.4274	3.0349	9.3859	5.6088	8.6154	6.9998	12.1640	7.6876	7.8456	5.4159	7.2866	2.1061	1.9597	3.4994	4.7717	6.0567	18.0183	1.0889	10.8370	4.3970	4.4177
0.0000	4.8374	6.9750	9.5517	6.2115	4.4112	3.3829	2.3970	2.4028	1.4592	1.7990	2.0566	5.2511	2.7718	1.7114	1.9818	8.3470	4.4996	6.7009	4.6542	5.7427	4.7061	2.0186	1.3255	4.5276	2.4849	3.4125	1.3818	3.0663	0.6942	4.1813	9.9794	8.4868	10.9961	9.4115	6.7563	12.4187	5.8041	8.5980	11.7180	9.2654	9.7143	6.8794	5.1850	7.2329	17.6400	46.0512	28.8491	55.7837	307.1404	0.0000	181.6529	61.4120	36.1378	46.0730	42.5539	29.2993	29.0968	29.9703	11.7746	4.7000	2.9588	7.9731	3.0480	3.4687	1.8772	3.1121	3.4754	3.0636	3.2000	11.0617	7.0826	10.8778	10.5938	12.2725	12.3462	9.9026	5.9877	5.2624	1.3323	4.1236	13.2375	8.3962	10.9140	16.7344	10.9468	11.3070	7.3872	13.9130
0.0000	1.1020	2.7300	2.1781	6.6267	5.0417	3.0833	1.0917	2.1863	0.6641	1.0917	3.7473	5.4678	2.5264	1.5588	1.8077	7.6171	2.7329	0.6785	4.2390	2.6162	2.6777	0.6123	0.6031	1.7650	1.6965	1.8653	1.2578	2.2325	3.7916	2.1758	8.3412	10.1190	10.0253	10.9192	9.5192	7.5538	7.6440	7.2360	9.4940	9.0087	6.4893	6.9690	6.4982	8.6147	18.5075	23.9163	36.4702	30.9338	65.6574	181.6529	0.0000	160.6247	58.2231	47.7478	35.8821	32.1211	23.5328	26.3536	14.5962	6.4260	4.8528	6.0546	3.3322	4.2096	5.1266	1.1339	4.4324	2.2316	5.2523	6.4891	8.8910	9.9351	8.8597	11.2181	6.4410	8.2297	5.4702	3.6019	3.0397	3.0132	5.0410	2.1939	15.9578	6.5568	7.5103	29.0438	8.4345	5.0788
0.0000	1.9944	4.9162	9.1675	3.4032	5.4460	3.8941	2.9565	0.0000	1.8073	1.4833	1.1285	4.9459	3.4189	0.9381	3.2505	8.8530	1.2358	2.4545	2.7386	4.1386	3.8750	2.7803	2.1898	1.0692	2.0497	5.0579	3.4196	1.0121	2.2920	1.4749	7.5338	11.2639	10.1661	12.6903	6.5559	10.8936	9.0045	4.3491	9.6327	5.5822	4.7964	6.2919	6.3973	5.4914	16.6933	23.0177	15.6221	18.6926	35.1234	61.4120	160.6247	0.0000	232.2627	70.7046	42.2046	30.2535	23.2264	16.1203	13.1242	5.7891	3.8899	3.2813	4.0127	2.8611	3.6132	1.0248	2.8614	2.5230	1.5761	4.5496	5.8255	7.4546	6.5451	15.9947	3.6289	5.1822	5.6226	1.6215	2.1871	2.7135	4.5410	1.9816	3.5939	9.8459	6.7824	11.2434	6.0891	9.1800
0.0000	1.6194	3.3347	3.1949	6.2417	9.6118	2.2588	1.1994	2.4102	5.8620	3.2064	1.3742	7.5300	2.7765	2.2833	3.9619	5.6057	4.5152	1.9936	1.3330	3.8397	2.3561	3.1558	0.8874	1.7323	2.9088	3.6493	0.9243	1.6409	3.7176	1.5947	7.7923	6.9713	4.1296	4.0106	5.3247	6.6448	8.1734	5.2990	5.2137	9.0653	8.6489	5.6217	6.4937	5.5678	8.8564	13.2963	20.1285	16.2581	27.5957	36.1378	58.2231	232.2627	0.0000	142.4161	58.5136	26.8659	22.2344	8.5038	9.5630	5.4837	6.7096	5.3287	2.8499	3.8658	5.0251	3.3264	2.3225	3.2740	2.9880	3.6998	3.5555	7.2815	9.4607	5.4848	9.4511	7.8372	4.0050	2.1965	1.7784	3.3123	9.6187	8.8877	5.1246	8.8307	10.1410	9.2046	7.4378	5.6048
0.0000	1.1927	2.9436	3.1358	8.1509	7.6038	2.0004	2.3630	1.1860	0.7201	1.7753	1.3515	5.9169	6.8288	1.6873	3.2527	16.4424	4.4365	1.4680	0.6558	2.1234	2.3214	1.9929	1.3086	1.2777	0.6130	4.0376	0.0000	1.2106	2.7401	1.7676	15.5721	12.2215	5.4171	8.4324	8.4710	16.3078	5.7192	10.4272	7.6991	10.9562	6.3856	7.5344	8.3045	8.7783	11.2924	19.5606	12.9205	18.3446	17.5479	46.0730	47.7478	70.7046	142.4161	0.0000	309.3877	48.6321	41.7531	30.6359	17.3831	7.5249	2.9162	7.8593	4.8079	2.8527	1.2346	1.2275	0.6853	0.6044	2.5217	4.6703	4.3591	8.0354	13.0504	11.0828	10.4239	7.0939	6.7385	4.5371	1.3119	2.4369	10.8645	3.5453	9.6714	14.1212	17.5291	8.9082	10.9143	16.4447
0.0000	2.9381	8.4558	5.7923	5.0160	5.3503	6.5731	0.0000	1.4619	1.7747	2.1885	0.8326	4.5555	0.8414	2.0800	3.2063	4.3354	4.5548	0.9041	1.6164	2.6164	2.8620	0.8185	1.6129	3.1504	0.0000	4.9750	0.0000	1.4922	0.0000	0.7263	10.0938	10.3033	9.1771	5.1922	2.9828	12.0495	7.8313	7.2271	4.7446	9.0015	6.2963	6.4980	6.2971	1.3527	14.9727	22.9929	19.9032	14.7378	20.7532	42.5539	35.8821	42.2046	58.5136	309.3877	0.0000	181.7130	78.6490	30.7201	9.1727	4.9938	4.3131	3.2277	1.4813	4.2196	0.7606	0.0000	4.2217	1.4898	0.7768	2.8759	9.6613	14.2927	13.9285	17.3693	9.6250	4.3682	9.3358	6.3894	1.6163	5.0019	8.0250	7.2689	13.2252	18.8219	14.9316	21.8867	6.7164	10.1173
0.0000	2.2447	9.2693	5.9168	9.6415	7.1871	1.8849	1.6683	1.1135	2.0290	2.2240	0.6362	2.7846	2.5738	3.7060	4.9127	9.9731	4.8720	0.0000	1.2337	1.9990	2.7280	1.8706	3.0715	0.5992	2.3039	3.1666	1.2813	0.5685	1.9310	3.3250	11.5856	9.0965	10.8526	4.7667	3.9938	15.3891	5.9912	4.3003	9.0678	10.3261	8.4143	7.8087	7.8235	6.1957	21.3104	21.8404	9.7459	15.7501	29.1406	29.2993	32.1211	30.2535	26.8659	48.6321	181.7130	0.0000	232.7723	76.2238	18.7826	7.0940	2.7471	2.4672	3.3950	2.1441	0.0000	0.5776	4.5156	2.2734	0.5947	8.8138	8.2328	10.9629	16.4066	19.9925	17.2194	10.8952	7.9599	4.8924	4.3357	2.3017	10.2676	4.4660	19.2984	15.5776	11.4658	21.1011	15.4592	20.6881
0.0000	4.4689	5.5228	5.8799	3.8266	11.2176	4.3723	0.0000	0.5549	1.3481	3.8769	0.6329	4.1572	4.4780	2.6329	3.6573	7.7134	1.3852	4.1265	2.4560	5.3038	4.3450	0.0000	3.6743	2.9885	0.5739	6.3023	3.1908	3.3990	0.6413	3.3089	12.2894	10.8479	10.1513	4.7418	6.8022	17.5843	10.1201	11.6015	6.6109	13.6832	7.1755	9.8835	10.1730	8.7311	21.1797	15.0155	19.3702	18.6794	20.3934	29.0968	23.5328	23.2264	22.2344	41.7531	78.6490	232.7723	0.0000	196.0686	41.1699	10.8431	4.9154	4.2946	6.7538	4.2717	4.0459	5.1721	4.4923	3.3943	2.9534	6.5681	16.3556	15.9140	14.6821	9.4569	18.7411	9.1543	12.6444	4.2526	5.5346	3.8103	8.1590	7.7713	15.1315	13.2623	12.6683	16.7792	0.0000	15.4290
0.0000	1.5461	10.2110	7.1312	9.2863	11.3027	3.4671	0.7677	1.5361	2.7956	1.5338	2.6323	6.7150	3.5503	5.8478	5.0877	13.7045	7.6739	1.9042	0.0000	4.5933	3.7656	0.8590	2.5395	3.3037	3.9714	5.2404	3.5331	1.5676	2.6606	9.1795	20.2137	10.0417	8.8076	15.3160	13.3899	24.3830	14.0588	11.0173	15.8496	10.2935	10.7821	14.6774	7.4706	9.9790	22.5757	30.0742	19.3334	20.6538	18.2700	29.9703	26.3536	16.1203	8.5038	30.6359	30.7201	76.2238	196.0686	0.0000	170.3252	18.0812	8.3437	11.9072	8.5870	5.1741	5.5981	4.7802	4.4477	0.0000	6.5671	17.2008	20.4054	23.2287	15.8115	34.0613	20.3212	21.9266	14.2579	5.9050	2.5633	6.3392	25.4238	4.5956	12.5713	33.6338	13.9846	11.5283	16.5323	24.8784
0.0000	12.4060	9.3091	6.6835	6.7759	13.4125	4.4188	2.7944	3.3590	2.7195	3.3544	8.3104	4.8963	6.4645	8.5147	7.4028	17.7960	6.9928	6.9435	4.9603	11.3835	6.0342	8.7764	4.3238	4.8214	2.3164	8.9104	3.8640	6.2874	8.4105	9.4716	14.7407	9.7496	12.1849	13.5649	11.4651	11.5911	14.4487	10.4933	9.7204	8.6462	9.0613	9.9863	15.7228	12.9747	18.1067	25.3114	21.4236	16.5844	9.9795	11.7746	14.5962	13.1242	9.5630	17.3831	9.1727	18.7826	41.1699	170.3252	0.0000	90.4666	29.8134	37.1840	18.7646	10.2389	9.9124	10.4488	9.7224	10.8543	22.1042	25.8197	19.0154	17.7885	24.7218	11.4791	17.2944	16.8436	21.5886	15.9804	11.1995	14.6444	33.0026	15.6992	17.3374	11.1697	14.0785	16.9457	1.7252	2.5954
0.0000	7.9192	5.2039	4.1584	2.0268	2.1632	3.9719	2.7355	6.6897	6.6992	6.6716	6.2687	5.8909	6.3289	5.2079	6.4404	3.9102	4.4151	12.6697	9.9981	7.0390	7.3009	7.0699	9.1311	8.0691	5.6958	11.5978	14.0269	9.2417	9.5567	13.2596	5.4383	5.9562	5.8243	4.4794	10.7967	5.4044	6.3005	6.8999	5.5177	7.6462	9.7247	10.4873	7.6142	10.1622	5.7632	8.2527	5.9815	9.5484	6.9652	4.7000	6.4260	5.7891	5.4837	7.5249	4.9938	7.0940	10.8431	18.0812	90.4666	0.0000	123.0003	78.9886	25.4684	18.9280	23.7745	19.9228	24.5245	16.0154	19.5787	18.0585	9.2506	8.2862	8.6633	7.3567	10.9521	10.5829	9.4841	21.4391	15.6123	18.8501	12.9887	12.6170	5.7112	2.3484	3.5992	5.9813	0.0000	5.4731
